Size	Wait in Queue	Total Wait	TurnAround
15	    0		   0		   15

1	    15		   15		   16

15	    16		   16		   31

1	    31		   31		   32

15	    32		   32		   47

1	    47		   47		   48

8	    48		   48		   56

8	    56		   56		   64

8	    64		   64		   72

33	    72		   72		   105

33	    105		   105		   138

15	    74		   138		   89

1	    89		   153		   90

15	    90		   154		   105

1	    105		   169		   106

33	    170		   170		   203

8	    139		   203		   147

8	    147		   211		   155

33	    155		   219		   188

34	    188		   252		   222

15	    67		   286		   82

1	    82		   301		   83

15	    83		   302		   98

1	    98		   317		   99

16	    99		   318		   115

1	    115		   334		   116

8	    116		   335		   124

8	    124		   343		   132

8	    132		   351		   140

34	    140		   359		   174

34	    174		   393		   208

34	    208		   427		   242

16	    102		   461		   118

1	    118		   477		   119

16	    119		   478		   135

1	    135		   494		   136

16	    136		   495		   152

1	    152		   511		   153

8	    153		   512		   161

8	    161		   520		   169

8	    169		   528		   177

35	    177		   536		   212

35	    212		   571		   247

35	    247		   606		   282

16	    105		   641		   121

1	    121		   657		   122

16	    17		   658		   33

1	    33		   674		   34

16	    34		   675		   50

1	    50		   691		   51

35	    156		   692		   191

8	    191		   727		   199

9	    94		   735		   103

9	    103		   744		   112

36	    112		   753		   148

36	    148		   789		   184

16	    0		   825		   16

1	    16		   841		   17

16	    17		   842		   33

1	    33		   858		   34

16	    34		   859		   50

1	    50		   875		   51

16	    51		   876		   67

9	    67		   892		   76

9	    76		   901		   85

9	    85		   910		   94

9	    94		   919		   103

36	    287		   928		   323

36	    139		   964		   175

37	    175		   1000		   212

1	    73		   1037		   74

16	    74		   1038		   90

2	    90		   1054		   92

37	    231		   1056		   268

9	    129		   1093		   138

16	    9		   1102		   25

2	    25		   1118		   27

16	    27		   1120		   43

9	    43		   1136		   52

37	    181		   1145		   218

9	    89		   1182		   98

2	    46		   1191		   48

16	    48		   1193		   64

2	    64		   1209		   66

16	    66		   1211		   82

2	    82		   1227		   84

16	    84		   1229		   100

2	    100		   1245		   102

38	    154		   1247		   192

38	    192		   1285		   230

9	    178		   1323		   187

9	    187		   1332		   196

9	    196		   1341		   205

38	    205		   1350		   243

38	    243		   1388		   281

17	    85		   1426		   102

2	    102		   1443		   104

17	    104		   1445		   121

2	    121		   1462		   123

17	    123		   1464		   140

2	    140		   1481		   142

17	    142		   1483		   159

39	    355		   1500		   394

9	    198		   1539		   207

9	    207		   1548		   216

9	    216		   1557		   225

39	    225		   1566		   264

39	    264		   1605		   303

9	    78		   1644		   87

2	    87		   1653		   89

17	    89		   1655		   106

2	    106		   1672		   108

17	    108		   1674		   125

2	    125		   1691		   127

17	    127		   1693		   144

10	    144		   1710		   154

39	    379		   1720		   418

9	    193		   1759		   202

10	    202		   1768		   212

40	    212		   1778		   252

40	    477		   1818		   517

40	    292		   1858		   332

2	    120		   1898		   122

17	    122		   1900		   139

2	    139		   1917		   141

40	    353		   1919		   393

41	    181		   1959		   222

17	    83		   2000		   100

2	    100		   2017		   102

17	    102		   2019		   119

2	    119		   2036		   121

17	    121		   2038		   138

10	    138		   2055		   148

10	    287		   2065		   297

10	    158		   2075		   168

10	    168		   2085		   178

41	    178		   2095		   219

2	    51		   2136		   53

17	    53		   2138		   70

3	    70		   2155		   73

41	    241		   2158		   282

41	    282		   2199		   323

10	    155		   2240		   165

42	    165		   2250		   207

17	    42		   2292		   59

3	    59		   2309		   62

17	    62		   2312		   79

3	    79		   2329		   82

17	    82		   2332		   99

3	    99		   2349		   102

17	    102		   2352		   119

10	    119		   2369		   129

10	    129		   2379		   139

10	    139		   2389		   149

10	    149		   2399		   159

42	    159		   2409		   201

42	    201		   2451		   243

42	    243		   2493		   285

3	    84		   2535		   87

17	    87		   2538		   104

3	    104		   2555		   107

43	    107		   2558		   150

43	    351		   2601		   394

10	    193		   2644		   203

10	    96		   2654		   106

3	    106		   2664		   109

18	    109		   2667		   127

3	    127		   2685		   130

18	    130		   2688		   148

3	    148		   2706		   151

18	    151		   2709		   169

10	    169		   2727		   179

10	    179		   2737		   189

43	    296		   2747		   339

43	    232		   2790		   275

44	    275		   2833		   319

18	    87		   2877		   105

3	    105		   2895		   108

44	    108		   2898		   152

18	    47		   2942		   65

3	    65		   2960		   68

18	    68		   2963		   86

3	    86		   2981		   89

18	    89		   2984		   107

10	    212		   3002		   222

10	    117		   3012		   127

10	    127		   3022		   137

11	    137		   3032		   148

44	    253		   3043		   297

3	    55		   3087		   58

18	    58		   3090		   76

3	    76		   3108		   79

18	    79		   3111		   97

11	    97		   3129		   108

44	    245		   3140		   289

11	    152		   3184		   163

45	    163		   3195		   208

45	    345		   3240		   390

3	    0		   3285		   3

18	    3		   3288		   21

3	    21		   3306		   24

18	    24		   3309		   42

45	    295		   3327		   340

11	    87		   3372		   98

11	    56		   3383		   67

3	    67		   3394		   70

18	    70		   3397		   88

45	    130		   3415		   175

11	    63		   3460		   74

4	    74		   3471		   78

18	    78		   3475		   96

4	    96		   3493		   100

46	    170		   3497		   216

46	    258		   3543		   304

11	    192		   3589		   203

18	    57		   3600		   75

4	    75		   3618		   79

18	    79		   3622		   97

46	    243		   3640		   289

11	    143		   3686		   154

11	    57		   3697		   68

4	    68		   3708		   72

18	    72		   3712		   90

4	    90		   3730		   94

18	    94		   3734		   112

4	    112		   3752		   116

47	    359		   3756		   406

47	    260		   3803		   307

11	    210		   3850		   221

11	    221		   3861		   232

47	    232		   3872		   279

11	    58		   3919		   69

4	    69		   3930		   73

19	    73		   3934		   92

4	    92		   3953		   96

19	    96		   3957		   115

47	    336		   3976		   383

19	    162		   4023		   181

11	    181		   4042		   192

48	    192		   4053		   240

11	    59		   4101		   70

4	    70		   4112		   74

19	    74		   4116		   93

4	    93		   4135		   97

19	    97		   4139		   116

4	    116		   4158		   120

19	    120		   4162		   139

4	    139		   4181		   143

48	    324		   4185		   372

48	    593		   4233		   641

11	    239		   4281		   250

11	    250		   4292		   261

11	    261		   4303		   272

48	    272		   4314		   320

49	    320		   4362		   369

49	    369		   4411		   418

19	    98		   4460		   117

4	    117		   4479		   121

19	    121		   4483		   140

4	    140		   4502		   144

19	    144		   4506		   163

12	    163		   4525		   175

12	    175		   4537		   187

12	    187		   4549		   199

49	    199		   4561		   248

4	    61		   4610		   65

19	    65		   4614		   84

4	    84		   4633		   88

19	    88		   4637		   107

49	    294		   4656		   343

50	    343		   4705		   393

12	    206		   4755		   218

12	    62		   4767		   74

4	    74		   4779		   78

19	    78		   4783		   97

5	    97		   4802		   102

19	    102		   4807		   121

5	    121		   4826		   126

19	    126		   4831		   145

5	    145		   4850		   150

50	    306		   4855		   356

50	    356		   4905		   406

12	    250		   4955		   262

12	    262		   4967		   274

12	    274		   4979		   286

50	    286		   4991		   336

51	    336		   5041		   387

19	    101		   5092		   120

5	    120		   5111		   125

19	    125		   5116		   144

5	    144		   5135		   149

51	    435		   5140		   486

12	    200		   5191		   212

12	    212		   5203		   224

19	    24		   5215		   43

5	    43		   5234		   48

51	    534		   5239		   585

51	    299		   5290		   350

12	    150		   5341		   162

20	    63		   5353		   83

5	    83		   5373		   88

20	    88		   5378		   108

5	    108		   5398		   113

20	    113		   5403		   133

52	    232		   5423		   284

12	    185		   5475		   197

12	    197		   5487		   209

52	    209		   5499		   261

52	    360		   5551		   412

12	    104		   5603		   116

5	    116		   5615		   121

21	    121		   5620		   142

5	    142		   5641		   147

21	    147		   5646		   168

52	    377		   5667		   429

12	    220		   5719		   232

12	    64		   5731		   76

5	    76		   5743		   81

21	    81		   5748		   102

5	    102		   5769		   107

21	    107		   5774		   128

13	    128		   5795		   141

53	    309		   5808		   362

53	    362		   5861		   415

12	    247		   5914		   259

5	    65		   5926		   70

22	    70		   5931		   92

5	    92		   5953		   97

22	    97		   5958		   119

5	    119		   5980		   124

22	    124		   5985		   146

5	    146		   6007		   151

22	    151		   6012		   173

53	    367		   6034		   420

53	    420		   6087		   473

13	    279		   6140		   292

13	    292		   6153		   305

13	    305		   6166		   318

54	    318		   6179		   372

54	    372		   6233		   426

54	    426		   6287		   480

13	    162		   6341		   175

5	    175		   6354		   180

23	    180		   6359		   203

13	    23		   6382		   36

6	    36		   6395		   42

23	    42		   6401		   65

6	    65		   6424		   71

23	    71		   6430		   94

13	    94		   6453		   107

54	    605		   6466		   659

13	    161		   6520		   174

55	    174		   6533		   229

55	    409		   6588		   464

6	    55		   6643		   61

23	    61		   6649		   84

6	    84		   6672		   90

24	    90		   6678		   114

6	    114		   6702		   120

24	    120		   6708		   144

55	    373		   6732		   428

13	    199		   6787		   212

13	    212		   6800		   225

56	    225		   6813		   281

13	    69		   6869		   82

6	    82		   6882		   88

24	    88		   6888		   112

6	    112		   6912		   118

24	    118		   6918		   142

6	    142		   6942		   148

25	    148		   6948		   173

56	    385		   6973		   441

56	    441		   7029		   497

13	    285		   7085		   298

13	    298		   7098		   311

56	    311		   7111		   367

13	    56		   7167		   69

6	    69		   7180		   75

25	    75		   7186		   100

13	    100		   7211		   113

57	    424		   7224		   481

57	    481		   7281		   538

6	    127		   7338		   133

25	    133		   7344		   158

6	    158		   7369		   164

25	    164		   7375		   189

57	    289		   7400		   346

13	    246		   7457		   259

57	    259		   7470		   316

13	    0		   7527		   13

6	    13		   7540		   19

26	    19		   7546		   45

6	    45		   7572		   51

58	    51		   7578		   109

58	    425		   7636		   483

14	    167		   7694		   181

14	    130		   7708		   144

6	    144		   7722		   150

26	    150		   7728		   176

6	    176		   7754		   182

26	    182		   7760		   208

6	    208		   7786		   214

27	    214		   7792		   241

14	    241		   7819		   255

26	    255		   7833		   281

14	    281		   7859		   295

14	    295		   7873		   309

58	    360		   7887		   418

58	    367		   7945		   425

59	    425		   8003		   484

6	    59		   8062		   65

27	    65		   8068		   92

14	    92		   8095		   106

7	    41		   8109		   48

27	    48		   8116		   75

7	    75		   8143		   82

27	    82		   8150		   109

7	    109		   8177		   116

28	    116		   8184		   144

7	    144		   8212		   151

59	    216		   8219		   275

59	    700		   8278		   759

14	    269		   8337		   283

14	    283		   8351		   297

14	    297		   8365		   311

59	    311		   8379		   370

60	    370		   8438		   430

60	    430		   8498		   490

28	    179		   8558		   207

7	    207		   8586		   214

28	    214		   8593		   242

7	    242		   8621		   249

28	    249		   8628		   277

7	    277		   8656		   284

29	    284		   8663		   313

14	    313		   8692		   327

14	    327		   8706		   341

14	    341		   8720		   355

60	    355		   8734		   415

60	    415		   8794		   475

14	    120		   8854		   134

7	    134		   8868		   141

29	    141		   8875		   170

61	    525		   8904		   586

14	    90		   8965		   104

7	    104		   8979		   111

29	    111		   8986		   140

7	    140		   9015		   147

30	    147		   9022		   177

7	    177		   9052		   184

30	    184		   9059		   214

7	    214		   9089		   221

61	    362		   9096		   423

61	    778		   9157		   839

14	    343		   9218		   357

14	    357		   9232		   371

14	    371		   9246		   385

61	    385		   9260		   446

62	    446		   9321		   508

62	    508		   9383		   570

30	    124		   9445		   154

7	    154		   9475		   161

30	    161		   9482		   191

15	    191		   9512		   206

15	    15		   9527		   30

7	    30		   9542		   37

31	    37		   9549		   68

7	    68		   9580		   75

62	    266		   9587		   328

62	    328		   9649		   390

15	    199		   9711		   214

31	    15		   9726		   46

7	    46		   9757		   53

31	    53		   9764		   84

7	    84		   9795		   91

63	    91		   9802		   154

63	    353		   9865		   416

15	    217		   9928		   232

15	    232		   9943		   247

31	    15		   9958		   46

8	    46		   9989		   54

32	    54		   9997		   86

8	    86		   10029		   94

32	    94		   10037		   126

8	    126		   10069		   134

63	    366		   10077		   429

15	    197		   10140		   212

15	    212		   10155		   227

15	    227		   10170		   242

63	    673		   10185		   736

64	    305		   10248		   369

64	    369		   10312		   433

32	    191		   10376		   223

8	    223		   10408		   231

32	    231		   10416		   263

15	    263		   10448		   278

15	    278		   10463		   293

8	    15		   10478		   23

64	    301		   10486		   365

65	    365		   10550		   430

Number of Processes: 500
Total time: 10.615 seconds
Average Wait in Ready Queue: 0.16632 seconds
Average Total Wait: 4.5944840000000005 seconds
