Size	Wait in Queue	Total Wait	TurnAround
33	    0		   0		   33

15	    33		   33		   48

8	    48		   48		   56

1	    56		   56		   57

33	    57		   57		   90

15	    90		   90		   105

8	    105		   105		   113

1	    113		   113		   114

33	    114		   114		   147

15	    147		   147		   162

8	    162		   162		   170

1	    170		   170		   171

33	    57		   171		   90

15	    90		   204		   105

8	    105		   219		   113

1	    113		   227		   114

34	    114		   228		   148

15	    148		   262		   163

8	    163		   277		   171

1	    171		   285		   172

34	    172		   286		   206

15	    206		   320		   221

8	    50		   335		   58

1	    58		   343		   59

34	    59		   344		   93

15	    93		   378		   108

8	    108		   393		   116

1	    116		   401		   117

34	    117		   402		   151

16	    58		   436		   74

8	    74		   452		   82

1	    82		   460		   83

35	    83		   461		   118

16	    118		   496		   134

8	    134		   512		   142

1	    142		   520		   143

35	    143		   521		   178

16	    178		   556		   194

8	    194		   572		   202

1	    202		   580		   203

35	    203		   581		   238

16	    238		   616		   254

8	    60		   632		   68

1	    68		   640		   69

35	    69		   641		   104

16	    104		   676		   120

8	    120		   692		   128

1	    128		   700		   129

36	    129		   701		   165

16	    165		   737		   181

9	    181		   753		   190

1	    190		   762		   191

36	    191		   763		   227

16	    227		   799		   243

9	    243		   815		   252

1	    252		   824		   253

36	    253		   825		   289

16	    36		   861		   52

9	    52		   877		   61

1	    61		   886		   62

36	    62		   887		   98

16	    98		   923		   114

9	    114		   939		   123

1	    123		   948		   124

37	    124		   949		   161

16	    161		   986		   177

9	    177		   1002		   186

1	    186		   1011		   187

37	    187		   1012		   224

16	    224		   1049		   240

9	    63		   1065		   72

1	    72		   1074		   73

37	    73		   1075		   110

16	    110		   1112		   126

9	    126		   1128		   135

2	    135		   1137		   137

38	    137		   1139		   175

16	    175		   1177		   191

9	    191		   1193		   200

2	    200		   1202		   202

38	    202		   1204		   240

16	    240		   1242		   256

9	    65		   1258		   74

2	    74		   1267		   76

38	    76		   1269		   114

16	    114		   1307		   130

9	    130		   1323		   139

2	    139		   1332		   141

38	    141		   1334		   179

16	    179		   1372		   195

9	    195		   1388		   204

2	    204		   1397		   206

39	    206		   1399		   245

16	    245		   1438		   261

9	    261		   1454		   270

2	    66		   1463		   68

39	    68		   1465		   107

17	    107		   1504		   124

9	    124		   1521		   133

2	    133		   1530		   135

39	    135		   1532		   174

17	    174		   1571		   191

9	    191		   1588		   200

2	    200		   1597		   202

39	    202		   1599		   241

17	    241		   1638		   258

9	    258		   1655		   267

2	    267		   1664		   269

40	    11		   1666		   51

17	    51		   1706		   68

9	    68		   1723		   77

2	    77		   1732		   79

40	    79		   1734		   119

17	    119		   1774		   136

9	    136		   1791		   145

2	    68		   1800		   70

40	    70		   1802		   110

17	    110		   1842		   127

10	    127		   1859		   137

2	    137		   1869		   139

40	    139		   1871		   179

17	    179		   1911		   196

10	    196		   1928		   206

2	    206		   1938		   208

41	    208		   1940		   249

17	    249		   1981		   266

10	    266		   1998		   276

2	    70		   2008		   72

41	    72		   2010		   113

17	    113		   2051		   130

10	    130		   2068		   140

2	    140		   2078		   142

41	    142		   2080		   183

17	    183		   2121		   200

10	    200		   2138		   210

2	    210		   2148		   212

41	    212		   2150		   253

17	    253		   2191		   270

10	    270		   2208		   280

2	    280		   2218		   282

42	    282		   2220		   324

17	    324		   2262		   341

10	    71		   2279		   81

3	    81		   2289		   84

42	    84		   2292		   126

17	    126		   2334		   143

10	    143		   2351		   153

3	    153		   2361		   156

42	    156		   2364		   198

17	    198		   2406		   215

10	    72		   2423		   82

3	    82		   2433		   85

42	    85		   2436		   127

17	    127		   2478		   144

10	    144		   2495		   154

3	    154		   2505		   157

43	    157		   2508		   200

17	    200		   2551		   217

10	    217		   2568		   227

3	    227		   2578		   230

43	    3		   2581		   46

17	    46		   2624		   63

10	    63		   2641		   73

3	    73		   2651		   76

43	    76		   2654		   119

18	    0		   2697		   18

10	    18		   2715		   28

3	    28		   2725		   31

43	    31		   2728		   74

18	    74		   2771		   92

10	    92		   2789		   102

3	    102		   2799		   105

44	    105		   2802		   149

18	    149		   2846		   167

10	    167		   2864		   177

3	    177		   2874		   180

44	    180		   2877		   224

18	    75		   2921		   93

10	    93		   2939		   103

3	    103		   2949		   106

44	    106		   2952		   150

18	    150		   2996		   168

10	    62		   3014		   72

3	    72		   3024		   75

44	    75		   3027		   119

18	    119		   3071		   137

10	    137		   3089		   147

3	    147		   3099		   150

45	    150		   3102		   195

18	    195		   3147		   213

11	    213		   3165		   224

3	    224		   3176		   227

45	    227		   3179		   272

18	    272		   3224		   290

11	    290		   3242		   301

3	    301		   3253		   304

45	    32		   3256		   77

18	    77		   3301		   95

11	    95		   3319		   106

3	    106		   3330		   109

45	    109		   3333		   154

18	    154		   3378		   172

11	    172		   3396		   183

3	    183		   3407		   186

46	    186		   3410		   232

18	    232		   3456		   250

11	    250		   3474		   261

3	    261		   3485		   264

46	    264		   3488		   310

18	    310		   3534		   328

11	    328		   3552		   339

4	    29		   3563		   33

46	    33		   3567		   79

18	    79		   3613		   97

11	    97		   3631		   108

4	    108		   3642		   112

47	    79		   3646		   126

18	    126		   3693		   144

11	    144		   3711		   155

4	    155		   3722		   159

47	    159		   3726		   206

18	    206		   3773		   224

11	    69		   3791		   80

4	    80		   3802		   84

47	    84		   3806		   131

18	    131		   3853		   149

11	    149		   3871		   160

4	    160		   3882		   164

47	    164		   3886		   211

18	    211		   3933		   229

11	    229		   3951		   240

4	    76		   3962		   80

48	    80		   3966		   128

19	    128		   4014		   147

11	    147		   4033		   158

4	    158		   4044		   162

48	    82		   4048		   130

19	    130		   4096		   149

11	    149		   4115		   160

4	    160		   4126		   164

48	    164		   4130		   212

19	    212		   4178		   231

11	    231		   4197		   242

4	    242		   4208		   246

48	    246		   4212		   294

19	    294		   4260		   313

11	    313		   4279		   324

4	    78		   4290		   82

49	    82		   4294		   131

19	    131		   4343		   150

11	    150		   4362		   161

4	    161		   4373		   165

49	    165		   4377		   214

19	    214		   4426		   233

11	    233		   4445		   244

4	    244		   4456		   248

49	    248		   4460		   297

19	    297		   4509		   316

12	    316		   4528		   328

4	    31		   4540		   35

49	    35		   4544		   84

19	    84		   4593		   103

12	    103		   4612		   115

4	    115		   4624		   119

50	    119		   4628		   169

19	    169		   4678		   188

12	    188		   4697		   200

4	    200		   4709		   204

50	    204		   4713		   254

19	    254		   4763		   273

12	    273		   4782		   285

4	    85		   4794		   89

50	    89		   4798		   139

19	    139		   4848		   158

12	    158		   4867		   170

4	    170		   4879		   174

50	    174		   4883		   224

19	    224		   4933		   243

12	    243		   4952		   255

5	    0		   4964		   5

51	    5		   4969		   56

19	    56		   5020		   75

12	    75		   5039		   87

5	    87		   5051		   92

51	    92		   5056		   143

19	    143		   5107		   162

12	    162		   5126		   174

5	    174		   5138		   179

51	    179		   5143		   230

19	    230		   5194		   249

12	    249		   5213		   261

5	    261		   5225		   266

51	    266		   5230		   317

19	    317		   5281		   336

12	    75		   5300		   87

5	    87		   5312		   92

52	    92		   5317		   144

19	    144		   5369		   163

12	    163		   5388		   175

5	    175		   5400		   180

52	    180		   5405		   232

20	    232		   5457		   252

12	    252		   5477		   264

5	    264		   5489		   269

52	    269		   5494		   321

20	    321		   5546		   341

12	    72		   5566		   84

5	    84		   5578		   89

52	    89		   5583		   141

20	    141		   5635		   161

12	    161		   5655		   173

5	    173		   5667		   178

53	    178		   5672		   231

21	    231		   5725		   252

12	    252		   5746		   264

5	    86		   5758		   91

53	    91		   5763		   144

21	    144		   5816		   165

12	    165		   5837		   177

5	    177		   5849		   182

53	    182		   5854		   235

21	    235		   5907		   256

12	    256		   5928		   268

5	    268		   5940		   273

53	    273		   5945		   326

21	    91		   5998		   112

13	    112		   6019		   125

5	    125		   6032		   130

54	    130		   6037		   184

22	    184		   6091		   206

13	    206		   6113		   219

5	    219		   6126		   224

54	    224		   6131		   278

22	    278		   6185		   300

13	    300		   6207		   313

5	    313		   6220		   318

54	    318		   6225		   372

22	    372		   6279		   394

13	    394		   6301		   407

5	    407		   6314		   412

54	    94		   6319		   148

22	    148		   6373		   170

13	    170		   6395		   183

5	    183		   6408		   188

55	    188		   6413		   243

23	    243		   6468		   266

13	    266		   6491		   279

6	    279		   6504		   285

55	    285		   6510		   340

23	    340		   6565		   363

13	    363		   6588		   376

6	    376		   6601		   382

55	    382		   6607		   437

23	    437		   6662		   460

13	    460		   6685		   473

6	    97		   6698		   103

56	    103		   6704		   159

23	    159		   6760		   182

13	    182		   6783		   195

6	    195		   6796		   201

56	    201		   6802		   257

24	    75		   6858		   99

13	    99		   6882		   112

6	    112		   6895		   118

56	    118		   6901		   174

24	    174		   6957		   198

13	    198		   6981		   211

6	    211		   6994		   217

56	    217		   7000		   273

24	    273		   7056		   297

13	    297		   7080		   310

6	    310		   7093		   316

57	    316		   7099		   373

24	    373		   7156		   397

13	    397		   7180		   410

6	    410		   7193		   416

57	    19		   7199		   76

25	    76		   7256		   101

13	    101		   7281		   114

6	    114		   7294		   120

57	    120		   7300		   177

25	    177		   7357		   202

13	    202		   7382		   215

6	    215		   7395		   221

57	    221		   7401		   278

25	    101		   7458		   126

13	    126		   7483		   139

6	    139		   7496		   145

58	    145		   7502		   203

25	    64		   7560		   89

13	    89		   7585		   102

6	    102		   7598		   108

58	    108		   7604		   166

26	    166		   7662		   192

14	    192		   7688		   206

6	    206		   7702		   212

58	    212		   7708		   270

26	    270		   7766		   296

14	    0		   7792		   14

6	    14		   7806		   20

58	    20		   7812		   78

26	    78		   7870		   104

14	    104		   7896		   118

6	    118		   7910		   124

59	    124		   7916		   183

26	    183		   7975		   209

14	    209		   8001		   223

6	    223		   8015		   229

59	    229		   8021		   288

27	    288		   8080		   315

14	    315		   8107		   329

6	    329		   8121		   335

59	    47		   8127		   106

27	    106		   8186		   133

14	    133		   8213		   147

7	    147		   8227		   154

59	    154		   8234		   213

27	    213		   8293		   240

14	    240		   8320		   254

7	    254		   8334		   261

60	    261		   8341		   321

27	    108		   8401		   135

14	    135		   8428		   149

7	    149		   8442		   156

60	    156		   8449		   216

28	    216		   8509		   244

14	    244		   8537		   258

7	    258		   8551		   265

60	    265		   8558		   325

28	    325		   8618		   353

14	    353		   8646		   367

7	    367		   8660		   374

60	    374		   8667		   434

28	    67		   8727		   95

14	    95		   8755		   109

7	    109		   8769		   116

61	    116		   8776		   177

28	    177		   8837		   205

14	    205		   8865		   219

7	    219		   8879		   226

61	    7		   8886		   68

29	    68		   8947		   97

14	    97		   8976		   111

7	    111		   8990		   118

61	    118		   8997		   179

29	    179		   9058		   208

14	    208		   9087		   222

7	    222		   9101		   229

61	    229		   9108		   290

29	    290		   9169		   319

14	    319		   9198		   333

7	    333		   9212		   340

62	    111		   9219		   173

30	    173		   9281		   203

14	    203		   9311		   217

7	    217		   9325		   224

62	    224		   9332		   286

30	    0		   9394		   30

14	    30		   9424		   44

7	    44		   9438		   51

62	    51		   9445		   113

30	    113		   9507		   143

15	    143		   9537		   158

7	    158		   9552		   165

62	    165		   9559		   227

30	    227		   9621		   257

15	    257		   9651		   272

7	    272		   9666		   279

63	    279		   9673		   342

31	    85		   9736		   116

15	    116		   9767		   131

7	    131		   9782		   138

63	    138		   9789		   201

31	    201		   9852		   232

15	    232		   9883		   247

7	    247		   9898		   254

63	    254		   9905		   317

31	    317		   9968		   348

15	    348		   9999		   363

7	    46		   10014		   53

63	    53		   10021		   116

31	    116		   10084		   147

15	    147		   10115		   162

8	    162		   10130		   170

64	    170		   10138		   234

32	    118		   10202		   150

15	    150		   10234		   165

8	    165		   10249		   173

64	    173		   10257		   237

32	    237		   10321		   269

15	    269		   10353		   284

8	    15		   10368		   23

64	    23		   10376		   87

32	    87		   10440		   119

15	    119		   10472		   134

8	    134		   10487		   142

65	    142		   10495		   207

32	    207		   10560		   239

15	    239		   10592		   254

8	    254		   10607		   262

Number of Processes: 500
Total time: 10.615 seconds
Average Wait in Ready Queue: 0.163046 seconds
Average Total Wait: 4.658468 seconds
