0	171
33	138
48	123
56	115
57	114
90	81
105	66
113	58
114	221
147	188
162	173
170	165
171	164
204	131
219	116
227	108
228	107
262	73
277	58
285	151
286	150
320	116
335	101
343	93
344	92
378	254
393	239
401	231
402	230
436	196
452	180
460	172
461	171
496	136
512	120
520	112
521	111
556	76
572	289
580	281
581	280
616	245
632	229
640	221
641	220
676	185
692	169
700	161
701	160
737	124
753	108
762	99
763	98
799	62
815	46
824	37
825	240
861	204
877	188
886	179
887	178
923	142
939	126
948	117
949	116
986	79
1002	256
1011	247
1012	246
1049	209
1065	193
1074	184
1075	183
1112	146
1128	130
1137	121
1139	119
1177	81
1193	270
1202	261
1204	259
1242	221
1258	205
1267	196
1269	194
1307	156
1323	140
1332	131
1334	129
1372	91
1388	75
1397	269
1399	267
1438	228
1454	212
1463	203
1465	201
1504	162
1521	145
1530	136
1532	134
1571	95
1588	78
1597	69
1599	67
1638	28
1655	145
1664	136
1666	134
1706	94
1723	77
1732	276
1734	274
1774	234
1791	217
1800	208
1802	206
1842	166
1859	149
1869	139
1871	137
1911	97
1928	80
1938	341
1940	339
1981	298
1998	281
2008	271
2010	269
2051	228
2068	211
2078	201
2080	199
2121	158
2138	141
2148	131
2150	129
2191	88
2208	215
2218	205
2220	203
2262	161
2279	144
2289	134
2292	131
2334	89
2351	230
2361	220
2364	217
2406	175
2423	158
2433	148
2436	145
2478	103
2495	86
2505	76
2508	73
2551	30
2568	13
2578	119
2581	116
2624	73
2641	56
2651	46
2654	43
2697	224
2715	206
2725	196
2728	193
2771	150
2789	132
2799	122
2802	119
2846	168
2864	150
2874	140
2877	137
2921	93
2939	75
2949	65
2952	304
2996	260
3014	242
3024	232
3027	229
3071	185
3089	167
3099	157
3102	154
3147	109
3165	91
3176	80
3179	77
3224	339
3242	321
3253	310
3256	307
3301	262
3319	244
3330	233
3333	230
3378	185
3396	167
3407	156
3410	153
3456	107
3474	89
3485	78
3488	75
3534	112
3552	94
3563	83
3567	224
3613	178
3631	160
3642	149
3646	145
3693	98
3711	80
3722	240
3726	236
3773	189
3791	171
3802	160
3806	156
3853	109
3871	91
3882	80
3886	162
3933	115
3951	97
3962	86
3966	324
4014	276
4033	257
4044	246
4048	242
4096	194
4115	175
4126	164
4130	160
4178	112
4197	93
4208	82
4212	328
4260	280
4279	261
4290	250
4294	246
4343	197
4362	178
4373	167
4377	163
4426	114
4445	95
4456	84
4460	80
4509	285
4528	266
4540	254
4544	250
4593	201
4612	182
4624	170
4628	166
4678	116
4697	97
4709	255
4713	251
4763	201
4782	182
4794	170
4798	166
4848	116
4867	97
4879	85
4883	81
4933	31
4952	12
4964	336
4969	331
5020	280
5039	261
5051	249
5056	244
5107	193
5126	174
5138	162
5143	157
5194	106
5213	87
5225	341
5230	336
5281	285
5300	266
5312	254
5317	249
5369	197
5388	178
5400	166
5405	161
5457	109
5477	89
5489	77
5494	264
5546	212
5566	192
5578	180
5583	175
5635	123
5655	103
5667	91
5672	326
5725	273
5746	252
5758	240
5763	235
5816	182
5837	161
5849	149
5854	144
5907	412
5928	391
5940	379
5945	374
5998	321
6019	300
6032	287
6037	282
6091	228
6113	206
6126	193
6131	188
6185	134
6207	112
6220	99
6225	473
6279	419
6301	397
6314	384
6319	379
6373	325
6395	303
6408	290
6413	285
6468	230
6491	207
6504	194
6510	188
6565	133
6588	110
6601	257
6607	251
6662	196
6685	173
6698	160
6704	154
6760	98
6783	416
6796	403
6802	397
6858	341
6882	317
6895	304
6901	298
6957	242
6981	218
6994	205
7000	199
7056	143
7080	119
7093	106
7099	100
7156	43
7180	278
7193	265
7199	259
7256	202
7281	177
7294	164
7300	158
7357	203
7382	178
7395	165
7401	159
7458	102
7483	77
7496	296
7502	290
7560	232
7585	207
7598	194
7604	188
7662	130
7688	104
7702	90
7708	84
7766	26
7792	335
7806	321
7812	315
7870	257
7896	231
7910	217
7916	211
7975	152
8001	126
8015	112
8021	106
8080	321
8107	294
8121	280
8127	274
8186	215
8213	188
8227	174
8234	167
8293	434
8320	407
8334	393
8341	386
8401	326
8428	299
8442	285
8449	278
8509	218
8537	190
8551	176
8558	169
8618	109
8646	81
8660	226
8667	219
8727	159
8755	131
8769	117
8776	110
8837	49
8865	21
8879	340
8886	333
8947	272
8976	243
8990	229
8997	222
9058	161
9087	132
9101	118
9108	286
9169	225
9198	196
9212	182
9219	175
9281	113
9311	83
9325	69
9332	62
9394	342
9424	312
9438	298
9445	291
9507	229
9537	199
9552	184
9559	177
9621	115
9651	363
9666	348
9673	341
9736	278
9767	247
9782	232
9789	225
9852	162
9883	131
9898	116
9905	109
9968	234
9999	203
10014	188
10021	181
10084	284
10115	253
10130	238
10138	230
10202	166
10234	134
10249	119
10257	111
10321	47
10353	262
10368	247
10376	239
10440	175
10472	143
10487	128
10495	120
10560	55
10592	23
10607	8
