Size	Wait in Queue	Total Wait	TurnAround
8	    27		   27		   35

1	    35		   35		   36

8	    61		   61		   69

1	    69		   69		   70

8	    93		   93		   101

1	    101		   101		   102

15	    113		   113		   128

15	    126		   126		   141

15	    139		   139		   154

33	    143		   143		   176

33	    151		   151		   184

33	    160		   160		   193

8	    57		   200		   65

1	    65		   208		   66

8	    93		   236		   101

1	    101		   244		   102

8	    128		   271		   136

1	    136		   279		   137

8	    162		   305		   170

15	    181		   324		   196

15	    192		   335		   207

15	    204		   347		   219

15	    217		   360		   232

33	    220		   363		   253

34	    227		   370		   261

34	    237		   380		   271

34	    247		   390		   281

1	    21		   401		   22

8	    55		   435		   63

1	    63		   443		   64

16	    89		   469		   105

8	    38		   482		   46

1	    46		   490		   47

8	    70		   514		   78

1	    78		   522		   79

34	    154		   534		   188

16	    94		   538		   110

16	    111		   555		   127

35	    195		   575		   230

35	    132		   576		   167

8	    31		   612		   39

1	    39		   620		   40

8	    69		   650		   77

1	    77		   658		   78

9	    104		   685		   113

16	    124		   705		   140

16	    136		   717		   152

16	    148		   729		   164

35	    152		   733		   187

35	    160		   741		   195

36	    169		   750		   205

1	    29		   762		   30

9	    62		   795		   71

1	    71		   804		   72

9	    103		   836		   112

1	    112		   845		   113

9	    142		   875		   151

1	    151		   884		   152

16	    189		   922		   205

16	    201		   934		   217

16	    213		   946		   229

16	    225		   958		   241

36	    229		   962		   265

36	    237		   970		   273

36	    246		   979		   282

37	    256		   989		   293

9	    23		   1002		   32

1	    32		   1011		   33

16	    53		   1032		   69

9	    69		   1048		   78

1	    78		   1057		   79

9	    42		   1100		   51

2	    51		   1109		   53

9	    77		   1135		   86

2	    86		   1144		   88

37	    178		   1157		   215

16	    102		   1160		   118

16	    123		   1181		   139

37	    207		   1186		   244

16	    49		   1213		   65

9	    65		   1229		   74

2	    74		   1238		   76

16	    94		   1258		   110

9	    110		   1274		   119

2	    119		   1283		   121

16	    140		   1304		   156

9	    156		   1320		   165

2	    165		   1329		   167

38	    294		   1352		   332

38	    248		   1412		   286

38	    250		   1414		   288

38	    256		   1420		   294

39	    264		   1428		   303

9	    37		   1451		   46

2	    46		   1460		   48

9	    73		   1487		   82

2	    82		   1496		   84

16	    84		   1498		   100

17	    106		   1520		   123

9	    58		   1559		   67

2	    67		   1568		   69

39	    186		   1600		   225

17	    117		   1618		   134

17	    133		   1634		   150

39	    137		   1638		   176

9	    27		   1647		   36

2	    36		   1656		   38

9	    70		   1690		   79

39	    198		   1699		   237

17	    99		   1719		   116

40	    102		   1722		   142

2	    13		   1732		   15

17	    35		   1754		   52

9	    52		   1771		   61

2	    61		   1780		   63

17	    88		   1807		   105

40	    122		   1841		   162

10	    49		   1856		   59

2	    59		   1866		   61

10	    94		   1901		   104

2	    104		   1911		   106

40	    211		   1930		   251

17	    143		   1950		   160

10	    50		   1983		   60

2	    60		   1993		   62

10	    91		   2024		   101

2	    101		   2034		   103

40	    255		   2062		   295

41	    260		   2067		   301

17	    142		   2075		   159

17	    159		   2092		   176

17	    177		   2110		   194

41	    182		   2115		   223

10	    31		   2126		   41

2	    41		   2136		   43

10	    78		   2173		   88

17	    112		   2207		   129

41	    276		   2209		   317

2	    16		   2210		   18

10	    51		   2245		   61

41	    160		   2255		   201

17	    86		   2280		   103

3	    28		   2283		   31

10	    67		   2322		   77

3	    77		   2332		   80

42	    158		   2352		   200

17	    119		   2374		   136

42	    135		   2390		   177

42	    141		   2396		   183

17	    10		   2406		   27

10	    27		   2423		   37

3	    37		   2433		   40

17	    62		   2458		   79

10	    79		   2475		   89

3	    89		   2485		   92

17	    118		   2514		   135

10	    50		   2564		   60

3	    60		   2574		   63

42	    209		   2605		   251

43	    211		   2607		   254

17	    111		   2625		   128

43	    116		   2630		   159

10	    11		   2641		   21

3	    21		   2651		   24

18	    46		   2676		   64

10	    64		   2694		   74

3	    74		   2704		   77

10	    45		   2779		   55

3	    55		   2789		   58

18	    195		   2825		   213

43	    196		   2826		   239

43	    202		   2832		   245

18	    114		   2848		   132

10	    121		   2855		   131

44	    122		   2856		   166

3	    26		   2874		   29

18	    49		   2897		   67

10	    67		   2915		   77

3	    77		   2925		   80

18	    101		   2949		   119

10	    119		   2967		   129

3	    129		   2977		   132

18	    155		   3003		   173

10	    173		   3021		   183

3	    183		   3031		   186

18	    212		   3060		   230

44	    288		   3136		   332

44	    291		   3139		   335

44	    298		   3146		   342

45	    307		   3155		   352

11	    26		   3165		   37

3	    37		   3176		   40

18	    64		   3203		   82

11	    82		   3221		   93

3	    93		   3232		   96

18	    40		   3275		   58

11	    58		   3293		   69

3	    69		   3304		   72

18	    92		   3327		   110

11	    110		   3345		   121

3	    121		   3356		   124

18	    145		   3380		   163

11	    163		   3398		   174

3	    174		   3409		   177

45	    316		   3455		   361

45	    362		   3501		   407

45	    271		   3506		   316

46	    277		   3512		   323

46	    288		   3523		   334

18	    28		   3534		   46

11	    46		   3552		   57

4	    57		   3563		   61

18	    83		   3589		   101

11	    101		   3607		   112

4	    112		   3618		   116

18	    141		   3647		   159

11	    159		   3665		   170

4	    51		   3716		   55

18	    74		   3739		   92

11	    92		   3757		   103

4	    103		   3768		   107

18	    127		   3792		   145

11	    145		   3810		   156

4	    156		   3821		   160

18	    181		   3846		   199

11	    199		   3864		   210

4	    210		   3875		   214

46	    395		   3901		   441

47	    398		   3904		   445

47	    314		   3979		   361

47	    316		   3981		   363

47	    323		   3988		   370

48	    334		   3999		   382

11	    33		   4032		   44

4	    44		   4043		   48

11	    84		   4083		   95

4	    95		   4094		   99

11	    132		   4131		   143

4	    143		   4142		   147

11	    177		   4176		   188

4	    188		   4187		   192

19	    192		   4191		   211

19	    210		   4209		   229

19	    228		   4227		   247

19	    247		   4246		   266

48	    252		   4251		   300

48	    264		   4263		   312

48	    279		   4278		   327

19	    54		   4317		   73

11	    73		   4336		   84

4	    84		   4347		   88

19	    114		   4377		   133

11	    133		   4396		   144

4	    144		   4407		   148

12	    83		   4494		   95

4	    95		   4506		   99

49	    276		   4539		   325

49	    280		   4543		   329

19	    136		   4547		   155

49	    308		   4571		   357

19	    31		   4581		   50

12	    50		   4600		   62

4	    62		   4612		   66

19	    88		   4638		   107

12	    107		   4657		   119

4	    119		   4669		   123

19	    147		   4697		   166

12	    166		   4716		   178

4	    178		   4728		   182

19	    209		   4759		   228

49	    367		   4778		   416

50	    302		   4852		   352

50	    305		   4855		   355

12	    32		   4864		   44

4	    44		   4876		   48

19	    70		   4902		   89

12	    89		   4921		   101

5	    101		   4933		   106

19	    129		   4961		   148

12	    148		   4980		   160

5	    160		   4992		   165

19	    189		   5021		   208

12	    208		   5040		   220

5	    220		   5052		   225

50	    534		   5084		   584

50	    327		   5159		   377

51	    329		   5161		   380

51	    337		   5169		   388

51	    349		   5181		   400

19	    33		   5194		   52

12	    52		   5213		   64

5	    64		   5225		   69

19	    104		   5265		   123

51	    123		   5284		   174

12	    35		   5300		   47

5	    47		   5312		   52

19	    77		   5342		   96

12	    96		   5361		   108

5	    108		   5373		   113

20	    141		   5406		   161

12	    161		   5426		   173

5	    173		   5438		   178

12	    88		   5531		   100

5	    100		   5543		   105

12	    141		   5584		   153

5	    153		   5596		   158

52	    368		   5633		   420

52	    372		   5637		   424

20	    197		   5640		   217

20	    219		   5662		   239

52	    421		   5686		   473

52	    255		   5698		   307

12	    65		   5730		   77

5	    77		   5742		   82

12	    122		   5787		   134

5	    134		   5799		   139

12	    174		   5839		   186

21	    200		   5865		   221

21	    215		   5880		   236

21	    231		   5896		   252

53	    458		   5901		   511

53	    237		   5902		   290

53	    255		   5920		   308

5	    20		   5940		   25

21	    50		   5970		   71

13	    71		   5991		   84

5	    59		   6004		   64

22	    91		   6036		   113

13	    113		   6058		   126

5	    126		   6071		   131

22	    160		   6105		   182

13	    182		   6127		   195

5	    195		   6140		   200

53	    326		   6246		   379

54	    304		   6249		   358

54	    312		   6257		   366

54	    323		   6268		   377

22	    30		   6279		   52

13	    52		   6301		   65

5	    65		   6314		   70

22	    99		   6348		   121

13	    121		   6370		   134

5	    134		   6383		   139

13	    69		   6457		   82

6	    82		   6470		   88

13	    125		   6513		   138

54	    292		   6541		   346

23	    155		   6543		   178

23	    181		   6569		   204

55	    326		   6575		   381

6	    43		   6589		   49

13	    96		   6642		   109

6	    109		   6655		   115

13	    159		   6705		   172

6	    172		   6718		   178

13	    217		   6763		   230

55	    388		   6776		   443

23	    259		   6805		   282

23	    277		   6823		   300

24	    296		   6842		   320

55	    302		   6848		   357

56	    315		   6861		   371

56	    331		   6877		   387

6	    47		   6895		   53

13	    95		   6943		   108

6	    108		   6956		   114

24	    140		   6988		   164

13	    87		   7043		   100

6	    100		   7056		   106

13	    151		   7107		   164

6	    164		   7120		   170

56	    299		   7147		   355

24	    217		   7173		   241

24	    238		   7194		   262

56	    264		   7220		   320

57	    274		   7230		   331

13	    69		   7266		   82

6	    82		   7279		   88

57	    371		   7327		   428

25	    143		   7340		   168

25	    169		   7366		   194

13	    31		   7373		   44

6	    44		   7386		   50

13	    100		   7442		   113

6	    113		   7455		   119

13	    166		   7508		   179

6	    179		   7521		   185

57	    372		   7569		   429

25	    254		   7596		   279

25	    273		   7615		   298

26	    293		   7635		   319

57	    300		   7642		   357

58	    313		   7655		   371

58	    328		   7670		   386

14	    33		   7688		   47

6	    47		   7702		   53

26	    85		   7740		   111

14	    111		   7766		   125

58	    125		   7780		   183

6	    66		   7806		   72

26	    100		   7840		   126

14	    126		   7866		   140

6	    140		   7880		   146

26	    175		   7915		   201

14	    201		   7941		   215

6	    215		   7955		   221

27	    252		   7992		   279

14	    279		   8019		   293

6	    293		   8033		   299

27	    333		   8073		   360

58	    437		   8177		   495

59	    439		   8179		   498

59	    448		   8188		   507

59	    460		   8200		   519

14	    34		   8213		   48

7	    48		   8227		   55

14	    114		   8293		   128

7	    128		   8307		   135

27	    187		   8366		   214

14	    78		   8392		   92

7	    92		   8406		   99

14	    149		   8463		   163

7	    163		   8477		   170

14	    215		   8529		   229

7	    229		   8543		   236

59	    412		   8591		   471

27	    278		   8592		   305

28	    302		   8616		   330

28	    327		   8641		   355

60	    488		   8667		   548

60	    367		   8681		   427

60	    379		   8693		   439

60	    394		   8708		   454

14	    61		   8754		   75

7	    75		   8768		   82

14	    135		   8828		   149

7	    149		   8842		   156

14	    204		   8897		   218

7	    218		   8911		   225

28	    248		   8941		   276

28	    272		   8965		   300

29	    297		   8990		   326

61	    324		   9017		   385

61	    334		   9027		   395

61	    347		   9040		   408

14	    68		   9085		   82

7	    82		   9099		   89

14	    141		   9158		   155

7	    155		   9172		   162

14	    210		   9227		   224

7	    224		   9241		   231

14	    274		   9291		   288

29	    288		   9305		   317

29	    311		   9328		   340

30	    336		   9353		   366

30	    362		   9379		   392

61	    372		   9389		   433

62	    385		   9402		   447

62	    401		   9418		   463

7	    0		   9438		   7

15	    67		   9505		   82

7	    82		   9520		   89

15	    145		   9583		   160

7	    160		   9598		   167

15	    219		   9657		   234

7	    234		   9672		   241

30	    307		   9745		   337

30	    327		   9765		   357

31	    349		   9787		   380

31	    373		   9811		   404

62	    382		   9820		   444

62	    394		   9832		   456

63	    408		   9846		   471

63	    425		   9863		   488

15	    51		   9883		   66

7	    66		   9898		   73

15	    138		   9970		   153

63	    153		   9985		   216

7	    71		   10012		   78

15	    135		   10076		   150

8	    150		   10091		   158

15	    212		   10153		   227

8	    227		   10168		   235

15	    284		   10225		   299

8	    299		   10240		   307

31	    440		   10272		   471

31	    356		   10297		   387

32	    383		   10324		   415

32	    411		   10352		   443

63	    439		   10380		   502

64	    449		   10390		   513

64	    462		   10403		   526

64	    478		   10419		   542

15	    62		   10465		   77

8	    77		   10480		   85

15	    130		   10533		   145

8	    145		   10548		   153

32	    153		   10556		   185

32	    186		   10589		   218

65	    198		   10601		   263

Number of Processes: 500
Total time: 10.615 seconds
Average Wait in Ready Queue: 0.165614 seconds
Average Total Wait: 4.684688 seconds
