Size	Wait in Queue	Total Wait	TurnAround
8	    16		   16		   24

1	    24		   24		   25

8	    41		   41		   49

1	    49		   49		   50

8	    66		   66		   74

1	    74		   74		   75

15	    83		   83		   98

15	    98		   98		   113

15	    113		   113		   128

8	    40		   176		   48

1	    48		   184		   49

33	    209		   209		   242

33	    210		   210		   243

15	    83		   219		   98

15	    98		   234		   113

33	    241		   241		   274

33	    138		   274		   171

8	    9		   275		   17

1	    17		   283		   18

8	    34		   300		   42

1	    42		   308		   43

8	    59		   325		   67

34	    197		   333		   231

15	    77		   343		   92

15	    92		   358		   107

1	    23		   373		   24

8	    40		   390		   48

1	    48		   398		   49

8	    65		   415		   73

1	    73		   423		   74

16	    106		   456		   122

16	    122		   472		   138

34	    230		   496		   264

34	    256		   522		   290

8	    32		   556		   40

1	    40		   564		   41

8	    57		   581		   65

34	    239		   589		   273

35	    241		   591		   276

35	    244		   594		   279

16	    73		   597		   89

16	    89		   613		   105

1	    24		   621		   25

8	    41		   638		   49

1	    49		   646		   50

16	    82		   679		   98

16	    98		   695		   114

1	    32		   735		   33

1	    57		   760		   58

1	    82		   785		   83

35	    286		   810		   321

9	    126		   829		   135

16	    135		   838		   151

9	    143		   846		   152

16	    152		   855		   168

9	    160		   863		   169

16	    169		   872		   185

9	    177		   880		   186

35	    284		   881		   319

36	    287		   884		   323

1	    24		   912		   25

1	    49		   937		   50

1	    74		   962		   75

2	    99		   987		   101

16	    141		   1029		   157

9	    149		   1037		   158

16	    158		   1046		   174

9	    166		   1054		   175

16	    175		   1063		   191

9	    183		   1071		   192

36	    377		   1080		   413

36	    381		   1084		   417

36	    385		   1088		   421

37	    268		   1156		   305

37	    273		   1161		   310

37	    278		   1166		   315

38	    283		   1171		   321

2	    32		   1193		   34

2	    58		   1219		   60

2	    84		   1245		   86

2	    110		   1271		   112

16	    112		   1273		   128

9	    120		   1281		   129

16	    129		   1290		   145

9	    137		   1298		   146

16	    146		   1307		   162

9	    154		   1315		   163

16	    163		   1324		   179

9	    171		   1332		   180

38	    220		   1381		   258

38	    226		   1387		   264

38	    232		   1393		   270

2	    24		   1423		   26

16	    50		   1449		   66

9	    58		   1457		   67

2	    32		   1490		   34

2	    58		   1516		   60

17	    151		   1550		   168

9	    101		   1559		   110

9	    118		   1576		   127

9	    135		   1593		   144

39	    203		   1602		   242

17	    159		   1617		   176

17	    168		   1626		   185

39	    228		   1627		   267

2	    23		   1650		   25

2	    49		   1676		   51

2	    75		   1702		   77

2	    101		   1728		   103

39	    288		   1746		   327

39	    295		   1753		   334

9	    149		   1776		   158

9	    166		   1793		   175

10	    183		   1810		   193

17	    209		   1836		   226

17	    218		   1845		   235

17	    227		   1854		   244

17	    236		   1863		   253

40	    269		   1896		   309

40	    277		   1904		   317

40	    285		   1912		   325

40	    293		   1920		   333

2	    16		   1936		   18

2	    42		   1962		   44

2	    68		   1988		   70

2	    94		   2014		   96

10	    104		   2024		   114

10	    122		   2042		   132

10	    140		   2060		   150

10	    158		   2078		   168

17	    176		   2096		   193

17	    185		   2105		   202

17	    194		   2114		   211

41	    267		   2187		   308

41	    268		   2188		   309

41	    269		   2189		   310

41	    270		   2190		   311

2	    18		   2207		   20

3	    44		   2233		   47

10	    71		   2260		   81

10	    89		   2278		   99

17	    107		   2296		   124

17	    116		   2305		   133

17	    125		   2314		   142

3	    25		   2331		   28

3	    52		   2358		   55

10	    95		   2401		   105

10	    113		   2419		   123

10	    131		   2437		   141

42	    258		   2447		   300

17	    151		   2457		   168

17	    160		   2466		   177

42	    278		   2467		   320

3	    16		   2485		   19

3	    43		   2512		   46

3	    70		   2539		   73

10	    121		   2590		   131

10	    139		   2608		   149

42	    320		   2626		   362

42	    322		   2628		   364

17	    169		   2638		   186

17	    178		   2647		   195

18	    187		   2656		   205

3	    32		   2690		   35

3	    59		   2717		   62

3	    86		   2744		   89

3	    113		   2771		   116

10	    148		   2806		   158

10	    166		   2824		   176

10	    184		   2842		   194

10	    202		   2860		   212

43	    401		   2870		   444

43	    404		   2873		   447

43	    407		   2876		   450

18	    229		   2887		   247

18	    239		   2897		   257

18	    249		   2907		   267

43	    323		   2981		   366

44	    326		   2984		   370

44	    330		   2988		   374

44	    334		   2992		   378

3	    16		   3012		   19

3	    43		   3039		   46

3	    70		   3066		   73

10	    81		   3077		   91

10	    99		   3095		   109

11	    117		   3113		   128

18	    120		   3116		   138

18	    130		   3126		   148

18	    140		   3136		   158

3	    40		   3186		   43

3	    67		   3213		   70

44	    228		   3224		   272

11	    98		   3244		   109

11	    117		   3263		   128

45	    270		   3266		   315

18	    133		   3279		   151

18	    143		   3289		   161

3	    42		   3323		   45

3	    69		   3350		   72

11	    112		   3393		   123

11	    131		   3412		   142

45	    285		   3431		   330

18	    163		   3444		   181

18	    173		   3454		   191

45	    318		   3464		   363

4	    40		   3525		   44

4	    68		   3553		   72

4	    96		   3581		   100

45	    336		   3617		   381

46	    341		   3622		   387

11	    151		   3636		   162

11	    170		   3655		   181

11	    189		   3674		   200

11	    208		   3693		   219

46	    415		   3696		   461

18	    217		   3702		   235

18	    227		   3712		   245

18	    237		   3722		   255

18	    247		   3732		   265

4	    24		   3758		   28

4	    52		   3786		   56

4	    80		   3814		   84

4	    108		   3842		   112

11	    160		   3894		   171

11	    179		   3913		   190

11	    198		   3932		   209

46	    458		   3943		   504

47	    464		   3949		   511

47	    471		   3956		   518

18	    237		   3971		   255

18	    247		   3981		   265

19	    257		   3991		   276

47	    332		   4066		   379

47	    339		   4073		   386

48	    346		   4080		   394

48	    354		   4088		   402

4	    24		   4112		   28

4	    52		   4140		   56

4	    80		   4168		   84

11	    100		   4188		   111

11	    119		   4207		   130

11	    138		   4226		   149

19	    149		   4237		   168

19	    160		   4248		   179

19	    171		   4259		   190

4	    40		   4310		   44

4	    68		   4338		   72

4	    96		   4366		   100

11	    156		   4426		   167

11	    175		   4445		   186

12	    194		   4464		   206

12	    214		   4484		   226

48	    400		   4488		   448

48	    408		   4496		   456

19	    242		   4512		   261

19	    253		   4523		   272

19	    264		   4534		   283

19	    275		   4545		   294

49	    460		   4548		   509

4	    24		   4573		   28

4	    52		   4601		   56

12	    104		   4653		   116

19	    148		   4697		   167

49	    438		   4708		   487

49	    439		   4709		   488

49	    440		   4710		   489

4	    33		   4743		   37

4	    61		   4771		   65

5	    89		   4799		   94

12	    142		   4852		   154

12	    162		   4872		   174

12	    182		   4892		   194

12	    202		   4912		   214

19	    222		   4932		   241

19	    233		   4943		   252

19	    244		   4954		   263

19	    255		   4965		   274

50	    419		   4968		   469

50	    421		   4970		   471

5	    24		   4996		   29

5	    53		   5025		   58

12	    98		   5070		   110

19	    134		   5106		   153

50	    399		   5109		   449

50	    401		   5111		   451

51	    403		   5113		   454

5	    37		   5148		   42

12	    66		   5177		   78

19	    86		   5197		   105

51	    228		   5200		   279

5	    38		   5227		   43

5	    67		   5256		   72

12	    96		   5285		   108

12	    116		   5305		   128

19	    136		   5325		   155

19	    147		   5336		   166

51	    252		   5363		   303

5	    43		   5390		   48

12	    104		   5451		   116

12	    124		   5471		   136

20	    152		   5499		   172

20	    164		   5511		   184

51	    326		   5515		   377

52	    329		   5518		   381

5	    16		   5546		   21

12	    77		   5607		   89

52	    272		   5619		   324

20	    101		   5631		   121

52	    288		   5635		   340

5	    16		   5647		   21

5	    45		   5676		   50

5	    74		   5705		   79

12	    111		   5742		   123

12	    131		   5762		   143

21	    159		   5790		   180

21	    172		   5803		   193

52	    286		   5816		   338

5	    40		   5884		   45

5	    69		   5913		   74

12	    130		   5974		   142

13	    150		   5994		   163

13	    171		   6015		   184

53	    389		   6020		   442

53	    394		   6025		   447

53	    399		   6030		   452

21	    191		   6035		   212

21	    204		   6048		   225

22	    217		   6061		   239

5	    22		   6075		   27

5	    51		   6104		   56

5	    80		   6133		   85

13	    133		   6186		   146

13	    154		   6207		   167

22	    199		   6252		   221

22	    213		   6266		   235

22	    227		   6280		   249

53	    450		   6294		   503

54	    479		   6323		   533

5	    32		   6361		   37

13	    85		   6414		   98

13	    106		   6435		   119

54	    387		   6440		   441

54	    393		   6446		   447

54	    399		   6452		   453

23	    137		   6466		   160

6	    15		   6481		   21

6	    45		   6511		   51

6	    75		   6541		   81

6	    105		   6571		   111

13	    151		   6617		   164

13	    172		   6638		   185

13	    193		   6659		   206

23	    230		   6696		   253

23	    245		   6711		   268

23	    260		   6726		   283

24	    275		   6741		   299

55	    420		   6749		   475

55	    386		   6852		   441

55	    393		   6859		   448

56	    400		   6866		   456

56	    408		   6874		   464

6	    31		   6890		   37

6	    61		   6920		   67

6	    91		   6950		   97

13	    105		   6964		   118

13	    126		   6985		   139

13	    147		   7006		   160

24	    168		   7027		   192

24	    184		   7043		   208

6	    40		   7107		   46

13	    102		   7169		   115

13	    123		   7190		   136

56	    352		   7211		   408

24	    152		   7219		   176

56	    384		   7243		   440

25	    200		   7267		   225

6	    17		   7268		   23

6	    47		   7298		   53

57	    445		   7304		   502

13	    78		   7329		   91

6	    48		   7382		   54

6	    78		   7412		   84

25	    199		   7450		   224

13	    133		   7467		   146

13	    154		   7488		   167

57	    442		   7509		   499

25	    248		   7582		   273

25	    257		   7591		   282

26	    266		   7600		   292

57	    383		   7634		   440

6	    32		   7667		   38

6	    62		   7697		   68

14	    100		   7735		   114

14	    122		   7757		   136

57	    437		   7771		   494

58	    438		   7772		   496

58	    440		   7774		   498

26	    173		   7808		   199

6	    34		   7826		   40

6	    64		   7856		   70

14	    118		   7910		   132

14	    140		   7932		   154

14	    162		   7954		   176

26	    240		   8032		   266

26	    250		   8042		   276

27	    260		   8052		   287

58	    428		   8063		   486

58	    446		   8081		   504

6	    16		   8107		   22

7	    46		   8137		   53

59	    376		   8168		   435

14	    96		   8187		   110

59	    417		   8209		   476

27	    161		   8252		   188

27	    172		   8263		   199

7	    27		   8282		   34

7	    58		   8313		   65

7	    89		   8344		   96

14	    128		   8383		   142

14	    150		   8405		   164

14	    172		   8427		   186

59	    430		   8521		   489

27	    277		   8532		   304

28	    288		   8543		   316

28	    300		   8555		   328

59	    468		   8559		   527

7	    32		   8610		   39

7	    63		   8641		   70

14	    118		   8696		   132

14	    140		   8718		   154

14	    162		   8740		   176

60	    499		   8754		   559

60	    503		   8758		   563

60	    539		   8794		   599

28	    228		   8806		   256

28	    240		   8818		   268

7	    20		   8838		   27

7	    51		   8869		   58

14	    114		   8932		   128

14	    136		   8954		   150

60	    430		   9008		   490

61	    434		   9012		   495

29	    207		   9025		   236

29	    220		   9038		   249

7	    21		   9059		   28

7	    52		   9090		   59

7	    83		   9121		   90

14	    146		   9184		   160

14	    168		   9206		   182

14	    190		   9228		   204

61	    480		   9298		   541

61	    485		   9303		   546

29	    278		   9316		   307

30	    291		   9329		   321

30	    305		   9343		   335

7	    24		   9397		   31

15	    95		   9468		   110

61	    437		   9475		   498

62	    442		   9480		   504

62	    448		   9486		   510

7	    22		   9508		   29

7	    53		   9539		   60

30	    189		   9562		   219

15	    98		   9584		   113

30	    161		   9647		   191

7	    40		   9701		   47

7	    71		   9732		   78

7	    102		   9763		   109

62	    413		   9786		   475

15	    155		   9816		   170

15	    178		   9839		   193

15	    201		   9862		   216

62	    471		   9957		   533

63	    477		   9963		   540

31	    309		   9970		   340

31	    324		   9985		   355

31	    339		   10000		   370

31	    354		   10015		   385

8	    32		   10062		   40

8	    64		   10094		   72

8	    96		   10126		   104

15	    144		   10174		   159

15	    167		   10197		   182

15	    190		   10220		   205

63	    598		   10259		   661

63	    653		   10314		   716

63	    660		   10321		   723

32	    306		   10336		   338

32	    322		   10352		   354

32	    338		   10368		   370

8	    32		   10408		   40

8	    64		   10440		   72

15	    96		   10472		   111

15	    119		   10495		   134

64	    512		   10542		   576

64	    520		   10550		   584

64	    528		   10558		   592

32	    198		   10574		   230

65	    238		   10614		   303

Number of Processes: 500
Time Slice: 8 milliseconds
Total time: 10.615 seconds
Average Wait in Ready Queue: 0.183894 seconds
Average Total Wait: 4.69524 seconds
